3 0.2690858453473133 0.5039318479685452 0.02948885976408917 0.06422018348623851
3 0.6627621231979032 0.5380078636959371 0.025065530799475794 0.05635648754914818
3 0.17361566186107472 0.5812581913499345 0.011058322411533438 0.03538663171690693
3 0.235910878112713 0.5838794233289646 0.008846657929226715 0.022280471821756152
3 0.4279570773263434 0.6159895150720839 0.00958387942332891 0.018348623853211024
1 0.33875327653997384 0.581913499344692 0.024328309305373493 0.03931847968545213
1 0.6310615989515073 0.5779816513761468 0.03243774574049809 0.05504587155963307
2 0.28972804718217565 0.7319790301441678 0.03391218872870251 0.0511140235910878
2 0.06155799475753605 0.3833551769331586 0.02285386631716908 0.08519003931847963
2 0.2992995635733198 0.6591279843965765 0.016615853468100177 0.02400067723170025
2 0.5161646027994421 0.6655688559204463 0.03892171335091831 0.018270367315787014
2 0.5508224205866362 0.6599322532379165 0.008965113749368854 0.012439399023514425
