2 0.6970429226736568 0.4193971166448231 0.043496068152031456 0.07601572739187418
4 0.6996231979030145 0.48034076015727395 0.03538663171690701 0.03800786369593709
3 0.56581749672346 0.5576671035386631 0.012532765399737897 0.030144167758846693
3 0.4003112712975099 0.5543905635648756 0.011795543905635596 0.031454783748361734
1 0.41800458715596334 0.5707732634338138 0.013269986893840055 0.02490170380078638
2 0.2987100201469626 0.4817537321183057 0.01482401525349026 0.041895792397328505
2 0.3380506760119944 0.5250010016897416 0.012923500477401787 0.029732497830362165
2 0.41388121557792545 0.6412280386629758 0.012543397522184065 0.020272157611610525
2 0.36750865504136615 0.6138606258873015 0.01178319161174862 0.015541987502234775
2 0.5057793232000152 0.6107383886196973 0.02476718556522769 0.014347033835537672
1 0.5565698965993442 0.5666570816611549 0.014798017930263257 0.025054845172932546
